{
 "cells": [
  {
   "cell_type": "code",
   "execution_count": 1,
   "metadata": {
    "collapsed": true
   },
   "outputs": [],
   "source": [
    "import numpy as np\n",
    "import pandas as pd\n",
    "import matplotlib.pyplot as plt"
   ]
  },
  {
   "cell_type": "code",
   "execution_count": 2,
   "metadata": {
    "collapsed": true
   },
   "outputs": [],
   "source": [
    "def preprocessing(df):\n",
    "    df.columns = ['uuid','flover_raw','time']\n",
    "    df['time'] = pd.to_datetime(df['time'])\n",
    "    df['flover'] = df['flover_raw'].apply(lambda x:int(x[x.find('r')+1:]))\n",
    "    df['date'] = df['time'].apply(lambda x:pd.datetime.date(x))\n",
    "    ndf = df[['flover','time','date']]\n",
    "    ndf.index = df['time']\n",
    "    return ndf"
   ]
  },
  {
   "cell_type": "code",
   "execution_count": 3,
   "metadata": {
    "collapsed": true
   },
   "outputs": [],
   "source": [
    "list_of_files_train = ['data_2015_1.txt','data_2015_2.txt','data_2015_3.txt','data_2015_4.txt','data_2015_5.txt']\n",
    "list_of_files_validation = ['data_2015_12.txt','data_2016_1.txt']\n",
    "\n",
    "lists_of_dataframe_train = [pd.read_table(''+list_of_files_train[i],header=None) for i in range(len(list_of_files_train))]\n",
    "lists_of_dataframe_validation = [pd.read_table(''+list_of_files_validation[i],header=None) for i in range(len(list_of_files_validation))]"
   ]
  },
  {
   "cell_type": "code",
   "execution_count": 4,
   "metadata": {
    "collapsed": true
   },
   "outputs": [],
   "source": [
    "df_train = pd.concat(lists_of_dataframe_train,axis=0,ignore_index=True)\n",
    "df_validation = pd.concat(lists_of_dataframe_validation,axis=0,ignore_index=True)\n",
    "df_train = preprocessing(df_train)\n",
    "df_validation = preprocessing(df_validation)"
   ]
  },
  {
   "cell_type": "code",
   "execution_count": 5,
   "metadata": {
    "collapsed": true
   },
   "outputs": [],
   "source": [
    "def transform(df):\n",
    "    flavors_unique = np.sort(np.array(df['flover'].unique(),dtype=np.int))\n",
    "    start_date = df['date'][0]\n",
    "    end_date = df['date'][df.shape[0]-1]\n",
    "    observation = pd.DataFrame(index=pd.date_range(start_date,end_date),columns=flavors_unique).fillna(0)\n",
    "    for i in flavors_unique:\n",
    "        observation[i] = df[df['flover']==i][['flover','date']].groupby('date').count()\n",
    "    observation = observation.fillna(0)\n",
    "    return observation"
   ]
  },
  {
   "cell_type": "code",
   "execution_count": 6,
   "metadata": {
    "collapsed": true
   },
   "outputs": [],
   "source": [
    "training_data = transform(df_train)\n",
    "validation_data = transform(df_validation)[training_data.columns]"
   ]
  },
  {
   "cell_type": "code",
   "execution_count": 7,
   "metadata": {
    "collapsed": true
   },
   "outputs": [],
   "source": [
    "training_data = training_data.resample('W').sum()\n",
    "validation_data = validation_data.resample('W').sum()\n",
    "validation_data = validation_data[training_data.columns] # filter some flavors not show in the training data"
   ]
  },
  {
   "cell_type": "code",
   "execution_count": 32,
   "metadata": {
    "collapsed": true
   },
   "outputs": [],
   "source": [
    "A = np.array(training_data)\n",
    "B = np.array(validation_data)"
   ]
  },
  {
   "cell_type": "code",
   "execution_count": 38,
   "metadata": {},
   "outputs": [
    {
     "data": {
      "text/plain": [
       "array([[ 1.        ,  0.33129769,  0.33016814,  0.19155354,  0.70891461,\n",
       "         0.61670384,  0.34175466,  0.32564942,  0.25128425,  0.28414469,\n",
       "         0.29137978,  0.19281501,  0.47742019, -0.00998223, -0.25540678,\n",
       "         0.11576546, -0.14670447, -0.17580539,  0.19277428, -0.19155354],\n",
       "       [ 0.33129769,  1.        ,  0.02194666, -0.01199397,  0.41295423,\n",
       "         0.29361189,  0.41168127,  0.31867436,  0.47661378, -0.04737817,\n",
       "         0.04200767, -0.16509541, -0.12050601,  0.07653419, -0.15537925,\n",
       "         0.06948808, -0.13997382, -0.20112201,  0.05060574, -0.15763504],\n",
       "       [ 0.33016814,  0.02194666,  1.        ,  0.06494688,  0.28533621,\n",
       "         0.3541134 , -0.03363254,  0.13021838,  0.10109506,  0.10126093,\n",
       "         0.09250055,  0.1803598 ,  0.17755128,  0.03326699, -0.11703461,\n",
       "        -0.08622573,  0.0480586 , -0.04910451, -0.15753306,  0.02823777],\n",
       "       [ 0.19155354, -0.01199397,  0.06494688,  1.        ,  0.097012  ,\n",
       "         0.23181779, -0.28008176,  0.24359054, -0.06305304,  0.1028689 ,\n",
       "         0.31516689,  0.22350171,  0.30772195,  0.24327773,  0.23809716,\n",
       "         0.17323954,  0.08104409,  0.44854261, -0.09376145, -0.21428571],\n",
       "       [ 0.70891461,  0.41295423,  0.28533621,  0.097012  ,  1.        ,\n",
       "         0.70875386,  0.23499286,  0.53498228,  0.53253547,  0.17997348,\n",
       "         0.11159949,  0.19399064,  0.12338776, -0.21144601,  0.07671333,\n",
       "        -0.09238356, -0.03908661,  0.04246203, -0.15489164, -0.1710579 ],\n",
       "       [ 0.61670384,  0.29361189,  0.3541134 ,  0.23181779,  0.70875386,\n",
       "         1.        ,  0.22224832,  0.34625914,  0.41652376, -0.06810658,\n",
       "         0.51198624,  0.38593938, -0.00955807, -0.14962534, -0.12363715,\n",
       "        -0.04866603,  0.03156294, -0.1881241 , -0.0608596 , -0.12981796],\n",
       "       [ 0.34175466,  0.41168127, -0.03363254, -0.28008176,  0.23499286,\n",
       "         0.22224832,  1.        ,  0.13953086,  0.61544006,  0.05596673,\n",
       "        -0.00288517,  0.1956211 , -0.12450232, -0.16566665, -0.06270957,\n",
       "        -0.01002242,  0.24727692, -0.15220389,  0.71232612, -0.1435419 ],\n",
       "       [ 0.32564942,  0.31867436,  0.13021838,  0.24359054,  0.53498228,\n",
       "         0.34625914,  0.13953086,  1.        ,  0.29981196,  0.21834025,\n",
       "         0.29437093, -0.08559183, -0.04698869, -0.30185414, -0.12089828,\n",
       "        -0.11448696, -0.11756549,  0.27396722, -0.0381793 , -0.19632671],\n",
       "       [ 0.25128425,  0.47661378,  0.10109506, -0.06305304,  0.53253547,\n",
       "         0.41652376,  0.61544006,  0.29981196,  1.        ,  0.25759233,\n",
       "        -0.15358279,  0.16490758, -0.11150774, -0.11096317,  0.17898989,\n",
       "        -0.11043415, -0.02716749,  0.1040953 ,  0.02566832, -0.08619909],\n",
       "       [ 0.28414469, -0.04737817,  0.10126093,  0.1028689 ,  0.17997348,\n",
       "        -0.06810658,  0.05596673,  0.21834025,  0.25759233,  1.        ,\n",
       "         0.09431067, -0.24115398,  0.77078999,  0.05887196, -0.08262629,\n",
       "         0.00368105, -0.17507524, -0.06708204, -0.15022301, -0.1028689 ],\n",
       "       [ 0.29137978,  0.04200767,  0.09250055,  0.31516689,  0.11159949,\n",
       "         0.51198624, -0.00288517,  0.29437093, -0.15358279,  0.09431067,\n",
       "         1.        ,  0.19271356,  0.19719485,  0.1120189 , -0.30515678,\n",
       "         0.03686162,  0.06052658, -0.28078519,  0.0716341 ,  0.04905321],\n",
       "       [ 0.19281501, -0.16509541,  0.1803598 ,  0.22350171,  0.19399064,\n",
       "         0.38593938,  0.1956211 , -0.08559183,  0.16490758, -0.24115398,\n",
       "         0.19271356,  1.        , -0.05447727,  0.06635683,  0.56648815,\n",
       "        -0.01636227,  0.26163934,  0.29817961,  0.18394574,  0.36185991],\n",
       "       [ 0.47742019, -0.12050601,  0.17755128,  0.30772195,  0.12338776,\n",
       "        -0.00955807, -0.12450232, -0.04698869, -0.11150774,  0.77078999,\n",
       "         0.19719485, -0.05447727,  1.        ,  0.09755462, -0.09871565,\n",
       "        -0.09772981, -0.08193165, -0.08480905, -0.05513828, -0.05852381],\n",
       "       [-0.00998223,  0.07653419,  0.03326699,  0.24327773, -0.21144601,\n",
       "        -0.14962534, -0.16566665, -0.30185414, -0.11096317,  0.05887196,\n",
       "         0.1120189 ,  0.06635683,  0.09755462,  1.        , -0.05328267,\n",
       "         0.70309404, -0.04072531, -0.01348525, -0.12084352,  0.42939183],\n",
       "       [-0.25540678, -0.15537925, -0.11703461,  0.23809716,  0.07671333,\n",
       "        -0.12363715, -0.06270957, -0.12089828,  0.17898989, -0.08262629,\n",
       "        -0.30515678,  0.56648815, -0.09871565, -0.05328267,  1.        ,\n",
       "        -0.09900134,  0.34663716,  0.6457292 , -0.11798724, -0.03824854],\n",
       "       [ 0.11576546,  0.06948808, -0.08622573,  0.17323954, -0.09238356,\n",
       "        -0.04866603, -0.01002242, -0.11448696, -0.11043415,  0.00368105,\n",
       "         0.03686162, -0.01636227, -0.09772981,  0.70309404, -0.09900134,\n",
       "         1.        , -0.13533678, -0.11523512,  0.03355151,  0.04543988],\n",
       "       [-0.14670447, -0.13997382,  0.0480586 ,  0.08104409, -0.03908661,\n",
       "         0.03156294,  0.24727692, -0.11756549, -0.02716749, -0.17507524,\n",
       "         0.06052658,  0.26163934, -0.08193165, -0.04072531,  0.34663716,\n",
       "        -0.13533678,  1.        ,  0.20552708,  0.45212926, -0.08104409],\n",
       "       [-0.17580539, -0.20112201, -0.04910451,  0.44854261,  0.04246203,\n",
       "        -0.1881241 , -0.15220389,  0.27396722,  0.1040953 , -0.06708204,\n",
       "        -0.28078519,  0.29817961, -0.08480905, -0.01348525,  0.6457292 ,\n",
       "        -0.11523512,  0.20552708,  1.        , -0.1132277 , -0.06900656],\n",
       "       [ 0.19277428,  0.05060574, -0.15753306, -0.09376145, -0.15489164,\n",
       "        -0.0608596 ,  0.71232612, -0.0381793 ,  0.02566832, -0.15022301,\n",
       "         0.0716341 ,  0.18394574, -0.05513828, -0.12084352, -0.11798724,\n",
       "         0.03355151,  0.45212926, -0.1132277 ,  1.        , -0.07813454],\n",
       "       [-0.19155354, -0.15763504,  0.02823777, -0.21428571, -0.1710579 ,\n",
       "        -0.12981796, -0.1435419 , -0.19632671, -0.08619909, -0.1028689 ,\n",
       "         0.04905321,  0.36185991, -0.05852381,  0.42939183, -0.03824854,\n",
       "         0.04543988, -0.08104409, -0.06900656, -0.07813454,  1.        ]])"
      ]
     },
     "execution_count": 38,
     "metadata": {},
     "output_type": "execute_result"
    }
   ],
   "source": [
    "np.corrcoef(A.T)"
   ]
  },
  {
   "cell_type": "code",
   "execution_count": 33,
   "metadata": {},
   "outputs": [],
   "source": [
    "from sklearn.preprocessing import normalize"
   ]
  },
  {
   "cell_type": "code",
   "execution_count": 34,
   "metadata": {},
   "outputs": [],
   "source": [
    "A_new = normalize(A,axis=0,norm='l2')"
   ]
  },
  {
   "cell_type": "code",
   "execution_count": 35,
   "metadata": {},
   "outputs": [
    {
     "data": {
      "text/plain": [
       "array([[ 1.        ,  0.33129769,  0.33016814,  0.19155354,  0.70891461,\n",
       "         0.61670384,  0.34175466,  0.32564942,  0.25128425,  0.28414469,\n",
       "         0.29137978,  0.19281501,  0.47742019, -0.00998223, -0.25540678,\n",
       "         0.11576546, -0.14670447, -0.17580539,  0.19277428, -0.19155354],\n",
       "       [ 0.33129769,  1.        ,  0.02194666, -0.01199397,  0.41295423,\n",
       "         0.29361189,  0.41168127,  0.31867436,  0.47661378, -0.04737817,\n",
       "         0.04200767, -0.16509541, -0.12050601,  0.07653419, -0.15537925,\n",
       "         0.06948808, -0.13997382, -0.20112201,  0.05060574, -0.15763504],\n",
       "       [ 0.33016814,  0.02194666,  1.        ,  0.06494688,  0.28533621,\n",
       "         0.3541134 , -0.03363254,  0.13021838,  0.10109506,  0.10126093,\n",
       "         0.09250055,  0.1803598 ,  0.17755128,  0.03326699, -0.11703461,\n",
       "        -0.08622573,  0.0480586 , -0.04910451, -0.15753306,  0.02823777],\n",
       "       [ 0.19155354, -0.01199397,  0.06494688,  1.        ,  0.097012  ,\n",
       "         0.23181779, -0.28008176,  0.24359054, -0.06305304,  0.1028689 ,\n",
       "         0.31516689,  0.22350171,  0.30772195,  0.24327773,  0.23809716,\n",
       "         0.17323954,  0.08104409,  0.44854261, -0.09376145, -0.21428571],\n",
       "       [ 0.70891461,  0.41295423,  0.28533621,  0.097012  ,  1.        ,\n",
       "         0.70875386,  0.23499286,  0.53498228,  0.53253547,  0.17997348,\n",
       "         0.11159949,  0.19399064,  0.12338776, -0.21144601,  0.07671333,\n",
       "        -0.09238356, -0.03908661,  0.04246203, -0.15489164, -0.1710579 ],\n",
       "       [ 0.61670384,  0.29361189,  0.3541134 ,  0.23181779,  0.70875386,\n",
       "         1.        ,  0.22224832,  0.34625914,  0.41652376, -0.06810658,\n",
       "         0.51198624,  0.38593938, -0.00955807, -0.14962534, -0.12363715,\n",
       "        -0.04866603,  0.03156294, -0.1881241 , -0.0608596 , -0.12981796],\n",
       "       [ 0.34175466,  0.41168127, -0.03363254, -0.28008176,  0.23499286,\n",
       "         0.22224832,  1.        ,  0.13953086,  0.61544006,  0.05596673,\n",
       "        -0.00288517,  0.1956211 , -0.12450232, -0.16566665, -0.06270957,\n",
       "        -0.01002242,  0.24727692, -0.15220389,  0.71232612, -0.1435419 ],\n",
       "       [ 0.32564942,  0.31867436,  0.13021838,  0.24359054,  0.53498228,\n",
       "         0.34625914,  0.13953086,  1.        ,  0.29981196,  0.21834025,\n",
       "         0.29437093, -0.08559183, -0.04698869, -0.30185414, -0.12089828,\n",
       "        -0.11448696, -0.11756549,  0.27396722, -0.0381793 , -0.19632671],\n",
       "       [ 0.25128425,  0.47661378,  0.10109506, -0.06305304,  0.53253547,\n",
       "         0.41652376,  0.61544006,  0.29981196,  1.        ,  0.25759233,\n",
       "        -0.15358279,  0.16490758, -0.11150774, -0.11096317,  0.17898989,\n",
       "        -0.11043415, -0.02716749,  0.1040953 ,  0.02566832, -0.08619909],\n",
       "       [ 0.28414469, -0.04737817,  0.10126093,  0.1028689 ,  0.17997348,\n",
       "        -0.06810658,  0.05596673,  0.21834025,  0.25759233,  1.        ,\n",
       "         0.09431067, -0.24115398,  0.77078999,  0.05887196, -0.08262629,\n",
       "         0.00368105, -0.17507524, -0.06708204, -0.15022301, -0.1028689 ],\n",
       "       [ 0.29137978,  0.04200767,  0.09250055,  0.31516689,  0.11159949,\n",
       "         0.51198624, -0.00288517,  0.29437093, -0.15358279,  0.09431067,\n",
       "         1.        ,  0.19271356,  0.19719485,  0.1120189 , -0.30515678,\n",
       "         0.03686162,  0.06052658, -0.28078519,  0.0716341 ,  0.04905321],\n",
       "       [ 0.19281501, -0.16509541,  0.1803598 ,  0.22350171,  0.19399064,\n",
       "         0.38593938,  0.1956211 , -0.08559183,  0.16490758, -0.24115398,\n",
       "         0.19271356,  1.        , -0.05447727,  0.06635683,  0.56648815,\n",
       "        -0.01636227,  0.26163934,  0.29817961,  0.18394574,  0.36185991],\n",
       "       [ 0.47742019, -0.12050601,  0.17755128,  0.30772195,  0.12338776,\n",
       "        -0.00955807, -0.12450232, -0.04698869, -0.11150774,  0.77078999,\n",
       "         0.19719485, -0.05447727,  1.        ,  0.09755462, -0.09871565,\n",
       "        -0.09772981, -0.08193165, -0.08480905, -0.05513828, -0.05852381],\n",
       "       [-0.00998223,  0.07653419,  0.03326699,  0.24327773, -0.21144601,\n",
       "        -0.14962534, -0.16566665, -0.30185414, -0.11096317,  0.05887196,\n",
       "         0.1120189 ,  0.06635683,  0.09755462,  1.        , -0.05328267,\n",
       "         0.70309404, -0.04072531, -0.01348525, -0.12084352,  0.42939183],\n",
       "       [-0.25540678, -0.15537925, -0.11703461,  0.23809716,  0.07671333,\n",
       "        -0.12363715, -0.06270957, -0.12089828,  0.17898989, -0.08262629,\n",
       "        -0.30515678,  0.56648815, -0.09871565, -0.05328267,  1.        ,\n",
       "        -0.09900134,  0.34663716,  0.6457292 , -0.11798724, -0.03824854],\n",
       "       [ 0.11576546,  0.06948808, -0.08622573,  0.17323954, -0.09238356,\n",
       "        -0.04866603, -0.01002242, -0.11448696, -0.11043415,  0.00368105,\n",
       "         0.03686162, -0.01636227, -0.09772981,  0.70309404, -0.09900134,\n",
       "         1.        , -0.13533678, -0.11523512,  0.03355151,  0.04543988],\n",
       "       [-0.14670447, -0.13997382,  0.0480586 ,  0.08104409, -0.03908661,\n",
       "         0.03156294,  0.24727692, -0.11756549, -0.02716749, -0.17507524,\n",
       "         0.06052658,  0.26163934, -0.08193165, -0.04072531,  0.34663716,\n",
       "        -0.13533678,  1.        ,  0.20552708,  0.45212926, -0.08104409],\n",
       "       [-0.17580539, -0.20112201, -0.04910451,  0.44854261,  0.04246203,\n",
       "        -0.1881241 , -0.15220389,  0.27396722,  0.1040953 , -0.06708204,\n",
       "        -0.28078519,  0.29817961, -0.08480905, -0.01348525,  0.6457292 ,\n",
       "        -0.11523512,  0.20552708,  1.        , -0.1132277 , -0.06900656],\n",
       "       [ 0.19277428,  0.05060574, -0.15753306, -0.09376145, -0.15489164,\n",
       "        -0.0608596 ,  0.71232612, -0.0381793 ,  0.02566832, -0.15022301,\n",
       "         0.0716341 ,  0.18394574, -0.05513828, -0.12084352, -0.11798724,\n",
       "         0.03355151,  0.45212926, -0.1132277 ,  1.        , -0.07813454],\n",
       "       [-0.19155354, -0.15763504,  0.02823777, -0.21428571, -0.1710579 ,\n",
       "        -0.12981796, -0.1435419 , -0.19632671, -0.08619909, -0.1028689 ,\n",
       "         0.04905321,  0.36185991, -0.05852381,  0.42939183, -0.03824854,\n",
       "         0.04543988, -0.08104409, -0.06900656, -0.07813454,  1.        ]])"
      ]
     },
     "execution_count": 35,
     "metadata": {},
     "output_type": "execute_result"
    }
   ],
   "source": [
    "np.corrcoef(A_new.T)"
   ]
  },
  {
   "cell_type": "code",
   "execution_count": 36,
   "metadata": {
    "collapsed": true
   },
   "outputs": [],
   "source": [
    "A_new = normalize(A,axis=0,norm='l1')"
   ]
  },
  {
   "cell_type": "code",
   "execution_count": 37,
   "metadata": {},
   "outputs": [
    {
     "data": {
      "text/plain": [
       "array([[ 1.        ,  0.33129769,  0.33016814,  0.19155354,  0.70891461,\n",
       "         0.61670384,  0.34175466,  0.32564942,  0.25128425,  0.28414469,\n",
       "         0.29137978,  0.19281501,  0.47742019, -0.00998223, -0.25540678,\n",
       "         0.11576546, -0.14670447, -0.17580539,  0.19277428, -0.19155354],\n",
       "       [ 0.33129769,  1.        ,  0.02194666, -0.01199397,  0.41295423,\n",
       "         0.29361189,  0.41168127,  0.31867436,  0.47661378, -0.04737817,\n",
       "         0.04200767, -0.16509541, -0.12050601,  0.07653419, -0.15537925,\n",
       "         0.06948808, -0.13997382, -0.20112201,  0.05060574, -0.15763504],\n",
       "       [ 0.33016814,  0.02194666,  1.        ,  0.06494688,  0.28533621,\n",
       "         0.3541134 , -0.03363254,  0.13021838,  0.10109506,  0.10126093,\n",
       "         0.09250055,  0.1803598 ,  0.17755128,  0.03326699, -0.11703461,\n",
       "        -0.08622573,  0.0480586 , -0.04910451, -0.15753306,  0.02823777],\n",
       "       [ 0.19155354, -0.01199397,  0.06494688,  1.        ,  0.097012  ,\n",
       "         0.23181779, -0.28008176,  0.24359054, -0.06305304,  0.1028689 ,\n",
       "         0.31516689,  0.22350171,  0.30772195,  0.24327773,  0.23809716,\n",
       "         0.17323954,  0.08104409,  0.44854261, -0.09376145, -0.21428571],\n",
       "       [ 0.70891461,  0.41295423,  0.28533621,  0.097012  ,  1.        ,\n",
       "         0.70875386,  0.23499286,  0.53498228,  0.53253547,  0.17997348,\n",
       "         0.11159949,  0.19399064,  0.12338776, -0.21144601,  0.07671333,\n",
       "        -0.09238356, -0.03908661,  0.04246203, -0.15489164, -0.1710579 ],\n",
       "       [ 0.61670384,  0.29361189,  0.3541134 ,  0.23181779,  0.70875386,\n",
       "         1.        ,  0.22224832,  0.34625914,  0.41652376, -0.06810658,\n",
       "         0.51198624,  0.38593938, -0.00955807, -0.14962534, -0.12363715,\n",
       "        -0.04866603,  0.03156294, -0.1881241 , -0.0608596 , -0.12981796],\n",
       "       [ 0.34175466,  0.41168127, -0.03363254, -0.28008176,  0.23499286,\n",
       "         0.22224832,  1.        ,  0.13953086,  0.61544006,  0.05596673,\n",
       "        -0.00288517,  0.1956211 , -0.12450232, -0.16566665, -0.06270957,\n",
       "        -0.01002242,  0.24727692, -0.15220389,  0.71232612, -0.1435419 ],\n",
       "       [ 0.32564942,  0.31867436,  0.13021838,  0.24359054,  0.53498228,\n",
       "         0.34625914,  0.13953086,  1.        ,  0.29981196,  0.21834025,\n",
       "         0.29437093, -0.08559183, -0.04698869, -0.30185414, -0.12089828,\n",
       "        -0.11448696, -0.11756549,  0.27396722, -0.0381793 , -0.19632671],\n",
       "       [ 0.25128425,  0.47661378,  0.10109506, -0.06305304,  0.53253547,\n",
       "         0.41652376,  0.61544006,  0.29981196,  1.        ,  0.25759233,\n",
       "        -0.15358279,  0.16490758, -0.11150774, -0.11096317,  0.17898989,\n",
       "        -0.11043415, -0.02716749,  0.1040953 ,  0.02566832, -0.08619909],\n",
       "       [ 0.28414469, -0.04737817,  0.10126093,  0.1028689 ,  0.17997348,\n",
       "        -0.06810658,  0.05596673,  0.21834025,  0.25759233,  1.        ,\n",
       "         0.09431067, -0.24115398,  0.77078999,  0.05887196, -0.08262629,\n",
       "         0.00368105, -0.17507524, -0.06708204, -0.15022301, -0.1028689 ],\n",
       "       [ 0.29137978,  0.04200767,  0.09250055,  0.31516689,  0.11159949,\n",
       "         0.51198624, -0.00288517,  0.29437093, -0.15358279,  0.09431067,\n",
       "         1.        ,  0.19271356,  0.19719485,  0.1120189 , -0.30515678,\n",
       "         0.03686162,  0.06052658, -0.28078519,  0.0716341 ,  0.04905321],\n",
       "       [ 0.19281501, -0.16509541,  0.1803598 ,  0.22350171,  0.19399064,\n",
       "         0.38593938,  0.1956211 , -0.08559183,  0.16490758, -0.24115398,\n",
       "         0.19271356,  1.        , -0.05447727,  0.06635683,  0.56648815,\n",
       "        -0.01636227,  0.26163934,  0.29817961,  0.18394574,  0.36185991],\n",
       "       [ 0.47742019, -0.12050601,  0.17755128,  0.30772195,  0.12338776,\n",
       "        -0.00955807, -0.12450232, -0.04698869, -0.11150774,  0.77078999,\n",
       "         0.19719485, -0.05447727,  1.        ,  0.09755462, -0.09871565,\n",
       "        -0.09772981, -0.08193165, -0.08480905, -0.05513828, -0.05852381],\n",
       "       [-0.00998223,  0.07653419,  0.03326699,  0.24327773, -0.21144601,\n",
       "        -0.14962534, -0.16566665, -0.30185414, -0.11096317,  0.05887196,\n",
       "         0.1120189 ,  0.06635683,  0.09755462,  1.        , -0.05328267,\n",
       "         0.70309404, -0.04072531, -0.01348525, -0.12084352,  0.42939183],\n",
       "       [-0.25540678, -0.15537925, -0.11703461,  0.23809716,  0.07671333,\n",
       "        -0.12363715, -0.06270957, -0.12089828,  0.17898989, -0.08262629,\n",
       "        -0.30515678,  0.56648815, -0.09871565, -0.05328267,  1.        ,\n",
       "        -0.09900134,  0.34663716,  0.6457292 , -0.11798724, -0.03824854],\n",
       "       [ 0.11576546,  0.06948808, -0.08622573,  0.17323954, -0.09238356,\n",
       "        -0.04866603, -0.01002242, -0.11448696, -0.11043415,  0.00368105,\n",
       "         0.03686162, -0.01636227, -0.09772981,  0.70309404, -0.09900134,\n",
       "         1.        , -0.13533678, -0.11523512,  0.03355151,  0.04543988],\n",
       "       [-0.14670447, -0.13997382,  0.0480586 ,  0.08104409, -0.03908661,\n",
       "         0.03156294,  0.24727692, -0.11756549, -0.02716749, -0.17507524,\n",
       "         0.06052658,  0.26163934, -0.08193165, -0.04072531,  0.34663716,\n",
       "        -0.13533678,  1.        ,  0.20552708,  0.45212926, -0.08104409],\n",
       "       [-0.17580539, -0.20112201, -0.04910451,  0.44854261,  0.04246203,\n",
       "        -0.1881241 , -0.15220389,  0.27396722,  0.1040953 , -0.06708204,\n",
       "        -0.28078519,  0.29817961, -0.08480905, -0.01348525,  0.6457292 ,\n",
       "        -0.11523512,  0.20552708,  1.        , -0.1132277 , -0.06900656],\n",
       "       [ 0.19277428,  0.05060574, -0.15753306, -0.09376145, -0.15489164,\n",
       "        -0.0608596 ,  0.71232612, -0.0381793 ,  0.02566832, -0.15022301,\n",
       "         0.0716341 ,  0.18394574, -0.05513828, -0.12084352, -0.11798724,\n",
       "         0.03355151,  0.45212926, -0.1132277 ,  1.        , -0.07813454],\n",
       "       [-0.19155354, -0.15763504,  0.02823777, -0.21428571, -0.1710579 ,\n",
       "        -0.12981796, -0.1435419 , -0.19632671, -0.08619909, -0.1028689 ,\n",
       "         0.04905321,  0.36185991, -0.05852381,  0.42939183, -0.03824854,\n",
       "         0.04543988, -0.08104409, -0.06900656, -0.07813454,  1.        ]])"
      ]
     },
     "execution_count": 37,
     "metadata": {},
     "output_type": "execute_result"
    }
   ],
   "source": [
    "np.corrcoef(A_new.T)"
   ]
  },
  {
   "cell_type": "code",
   "execution_count": null,
   "metadata": {
    "collapsed": true
   },
   "outputs": [],
   "source": []
  },
  {
   "cell_type": "code",
   "execution_count": null,
   "metadata": {
    "collapsed": true
   },
   "outputs": [],
   "source": []
  }
 ],
 "metadata": {
  "kernelspec": {
   "display_name": "Python 3",
   "language": "python",
   "name": "python3"
  },
  "language_info": {
   "codemirror_mode": {
    "name": "ipython",
    "version": 3
   },
   "file_extension": ".py",
   "mimetype": "text/x-python",
   "name": "python",
   "nbconvert_exporter": "python",
   "pygments_lexer": "ipython3",
   "version": "3.6.2"
  }
 },
 "nbformat": 4,
 "nbformat_minor": 2
}
